0 0
0 1
0 2
0 3
0 4
0 5
0 6
0 7
0 8
0 9
0 10
0 11
0 12
0 13
0 14
0 15
0 16
0 17
0 18
0 19
0 20
0 21
0 22
0 23
0 24
0 25
0 26
0 27
0 28
0 29
0 30
0 31
0 32
0 33
0 34
0 35
0 36
0 37
0 38
0 39
0 40
0 41
0 42
0 43
0 44
0 45
0 46
0 47
0 48
0 49
0 50
0 51
0 52
0 53
0 54
0 55
0 56
0 57
0 58
0 59
0 60
0 61
0 62
0 63
0 64
0 65
0 66
0 67
0 68
0 69
0 70
0 71
0 72
0 73
0 74
0 75
0 76
0 77
0 78
0 79
0 80
0 81
0 82
0 83
0 84
0 85
0 86
0 87
0 88
0 89
0 90
0 91
0 92
0 93
0 94
0 95
0 96
0 97
0 98
0 99
0 100
0 101
0 102
0 103
0 104
0 105
0 106
0 107
0 108
0 109
0 110
0 111
0 112
0 113
0 114
0 115
0 116
0 117
0 118
0 119
0 120
0 121
0 122
0 123
0 124
0 125
0 126
0 127
0 128
0 129
0 130
0 131
0 132
0 133
0 134
0 135
0 136
0 137
0 138
0 139
0 140
0 141
0 142
0 143
0 144
0 145
0 146
0 147
0 148
0 149
0 150
0 151
0 152
0 153
0 154
0 155
0 156
0 157
0 158
0 159
0 160
0 161
0 162
0 163
0 164
0 165
0 166
0 167
0 168
0 169
0 170
0 171
0 172
0 173
0 174
0 175
0 176
0 177
0 178
0 179
0 180
0 181
0 182
0 183
0 184
0 185
0 186
0 187
0 188
0 189
0 190
0 191
0 192
0 193
0 194
0 195
0 196
0 197
0 198
0 199
0 200
0 201
0 202
0 203
0 204
0 205
0 206
0 207
0 208
0 209
0 210
0 211
0 212
0 213
0 214
0 215
1 0
1 1
1 3
1 17
1 57
1 89
1 91
1 92
1 125
1 145
1 147
1 151
1 166
1 167
1 177
1 184
1 209
1 217
1 225
1 282
1 283
1 376
1 468
1 653
1 699
1 710
1 729
1 913
2 0
2 2
2 15
2 17
2 25
2 46
2 57
2 84
2 95
2 111
2 140
2 143
2 147
2 151
2 165
2 176
2 192
2 239
2 272
2 394
2 395
2 398
2 400
2 408
2 505
2 510
2 576
2 647
2 818
2 837
2 923
2 996
3 0
3 1
3 3
3 95
3 105
3 125
3 377
3 441
3 677
3 889
4 0
4 4
4 8
4 13
4 34
4 66
4 151
4 192
4 217
4 225
4 377
4 394
4 400
4 403
4 405
4 408
4 577
4 909
4 954
5 0
5 5
6 0
6 6
6 549
7 0
7 7
7 11
7 138
7 162
7 865
8 0
8 4
8 8
8 17
8 46
8 83
8 90
8 93
8 97
8 103
8 113
8 143
8 151
8 175
8 185
8 192
8 198
8 225
8 283
8 284
8 320
8 337
8 394
8 395
8 400
8 401
8 403
8 408
8 416
8 502
8 525
8 527
8 532
8 552
8 577
8 595
8 598
8 691
8 837
8 883
8 890
8 970
9 0
9 9
10 0
10 10
10 263
11 0
11 7
11 11
11 20
11 129
11 162
12 0
12 12
12 15
12 34
12 84
12 143
12 164
12 186
12 215
12 394
12 400
12 403
13 0
13 4
13 13
13 57
13 132
13 166
13 175
13 177
13 194
13 207
13 332
13 381
13 405
13 413
13 600
13 614
13 645
13 758
13 831
14 0
14 14
14 180
14 251
14 263
14 320
14 337
14 403
14 447
14 871
14 947
14 954
15 0
15 2
15 12
15 15
15 17
15 19
15 23
15 24
15 25
15 26
15 27
15 31
15 33
15 34
15 35
15 36
15 38
15 40
15 47
15 49
15 50
15 51
15 52
15 55
15 57
15 58
15 61
15 63
15 65
15 72
15 75
15 81
15 84
15 85
15 86
15 88
15 93
15 95
15 98
15 99
15 101
15 103
15 111
15 112
15 113
15 115
15 116
15 117
15 118
15 122
15 123
15 124
15 128
15 133
15 140
15 143
15 146
15 147
15 148
15 150
15 151
15 153
15 156
15 158
15 160
15 163
15 164
15 165
15 168
15 174
15 176
15 182
15 185
15 186
15 187
15 189
15 191
15 192
15 194
15 206
15 207
15 208
15 220
15 230
15 239
15 253
15 262
15 269
15 272
15 290
15 326
15 327
15 332
15 334
15 337
15 338
15 344
15 375
15 389
15 394
15 395
15 396
15 398
15 399
15 400
15 401
15 402
15 403
15 408
15 409
15 410
15 414
15 425
15 428
15 429
15 446
15 447
15 448
15 449
15 454
15 459
15 472
15 473
15 476
15 482
15 486
15 492
15 494
15 495
15 496
15 500
15 503
15 505
15 508
15 510
15 518
15 522
15 528
15 533
15 539
15 541
15 548
15 549
15 559
15 566
15 567
15 574
15 576
15 609
15 620
15 629
15 636
15 642
15 644
15 647
15 663
15 670
15 677
15 682
15 683
15 688
15 702
15 705
15 710
15 719
15 722
15 723
15 734
15 752
15 755
15 769
15 777
15 780
15 786
15 788
15 791
15 796
15 797
15 800
15 815
15 817
15 818
15 822
15 845
15 852
15 858
15 862
15 864
15 868
15 874
15 888
15 891
15 902
15 914
15 921
15 923
15 927
15 932
15 938
15 943
15 948
15 954
15 970
15 977
15 985
15 989
15 991
15 998
15 1000
16 0
16 16
17 0
17 1
17 2
17 8
17 15
17 17
17 25
17 46
17 47
17 49
17 50
17 51
17 60
17 79
17 81
17 88
17 90
17 93
17 111
17 122
17 128
17 139
17 140
17 143
17 147
17 151
17 158
17 165
17 171
17 177
17 186
17 189
17 192
17 201
17 207
17 220
17 265
17 371
17 394
17 395
17 396
17 398
17 400
17 401
17 403
17 405
17 408
17 454
17 472
17 505
17 510
17 516
17 576
17 660
17 715
17 769
17 772
17 801
17 804
17 840
17 908
17 965
17 971
17 989
18 0
18 18
18 209
18 217
18 377
19 0
19 15
19 19
19 33
19 55
19 75
19 132
19 151
19 186
19 189
19 207
19 209
19 394
19 397
19 400
19 403
19 510
19 539
19 635
19 750
19 772
19 793
19 897
20 0
20 11
20 20
20 65
20 75
20 111
20 198
20 206
20 272
20 416
20 577
20 778
20 999
21 0
21 21
21 137
21 710
22 0
22 22
22 112
22 143
22 151
22 210
22 216
22 239
22 263
22 284
22 399
22 400
22 434
22 498
22 663
22 932
23 0
23 15
23 23
23 143
23 198
23 217
23 225
23 265
23 394
23 400
23 413
23 595
23 849
23 858
23 871
23 873
23 896
24 0
24 15
24 24
25 0
25 2
25 15
25 17
25 25
25 46
25 47
25 143
25 151
25 184
25 185
25 186
25 192
25 244
25 394
25 395
25 398
25 400
25 403
25 408
25 510
25 527
25 595
25 710
25 840
25 858
26 0
26 15
26 26
27 0
27 15
27 27
27 394
27 400
27 861
28 0
28 28
29 0
29 29
30 0
30 30
30 102
31 0
31 15
31 31
31 151
31 394
31 400
31 546
31 846
32 0
32 32
32 34
32 84
32 143
32 151
32 225
32 394
32 400
32 403
32 581
32 724
32 951
33 0
33 15
33 19
33 33
33 151
33 186
33 219
33 225
33 394
33 400
33 403
34 0
34 12
34 15
34 32
34 34
34 35
34 46
34 66
34 78
34 83
34 88
34 114
34 120
34 130
34 132
34 133
34 150
34 151
34 155
34 172
34 192
34 193
34 215
34 225
34 272
34 394
34 399
34 400
34 403
34 406
34 408
34 422
34 428
34 444
34 456
34 472
34 479
34 480
34 502
34 509
34 525
34 537
34 538
34 539
34 540
34 546
34 552
34 556
34 557
34 571
34 587
34 588
34 591
34 595
34 600
34 631
34 639
34 642
34 646
34 655
34 664
34 675
34 681
34 694
34 705
34 745
34 747
34 764
34 800
34 803
34 809
34 812
34 845
34 851
34 858
34 869
34 875
34 886
34 910
34 928
34 943
34 953
34 958
34 966
34 994
35 0
35 15
35 34
35 35
35 84
35 143
35 186
35 225
35 394
35 400
35 403
36 0
36 15
36 36
36 143
36 216
36 394
36 400
36 595
37 0
37 37
38 0
38 15
38 38
38 151
38 394
38 400
39 0
39 39
40 0
40 15
40 34
40 40
40 125
40 217
40 225
40 239
40 394
40 400
40 434
40 458
40 921
41 0
41 41
41 381
41 890
42 0
42 42
42 84
42 143
42 151
42 217
42 225
42 337
42 394
42 400
42 403
43 0
43 43
43 394
43 400
43 403
44 0
44 44
44 144
44 214
44 619
44 769
45 0
45 45
46 0
46 2
46 8
46 17
46 25
46 34
46 46
46 51
46 59
46 60
46 66
46 83
46 90
46 93
46 94
46 97
46 102
46 103
46 107
46 110
46 113
46 115
46 119
46 122
46 133
46 137
46 139
46 143
46 151
46 155
46 160
46 166
46 171
46 175
46 182
46 186
46 189
46 192
46 198
46 215
46 216
46 225
46 244
46 251
46 263
46 284
46 320
46 337
46 361
46 371
46 394
46 400
46 406
46 408
46 424
46 434
46 447
46 448
46 461
46 467
46 489
46 502
46 504
46 505
46 510
46 527
46 532
46 539
46 557
46 574
46 593
46 595
46 616
46 619
46 620
46 622
46 635
46 671
46 676
46 696
46 710
46 715
46 741
46 745
46 747
46 750
46 774
46 799
46 807
46 815
46 829
46 837
46 840
46 842
46 843
46 858
46 871
46 883
46 886
46 889
46 891
46 897
46 898
46 913
46 914
46 925
46 940
46 947
46 950
46 951
46 990
46 993
46 994
46 999
47 0
47 15
47 17
47 25
47 47
47 49
47 134
47 143
47 151
47 153
47 164
47 165
47 171
47 183
47 191
47 192
47 239
47 272
47 338
47 394
47 395
47 398
47 400
47 408
47 510
47 749
47 769
48 0
48 48
48 49
48 59
48 151
48 155
48 185
48 186
48 222
48 403
48 408
48 513
48 715
48 733
48 849
48 876
48 890
48 931
48 946
49 0
49 15
49 17
49 47
49 48
49 49
49 115
49 143
49 151
49 251
49 331
49 337
49 361
49 381
49 394
49 395
49 400
49 403
49 502
49 510
49 527
49 577
49 701
49 724
49 947
50 0
50 15
50 17
50 50
50 143
50 151
50 377
50 394
50 395
50 400
50 403
51 0
51 15
51 17
51 46
51 51
51 102
51 186
51 192
51 394
51 400
51 448
51 510
52 0
52 15
52 52
52 139
52 143
52 151
52 186
52 216
52 217
52 225
52 338
52 394
52 400
52 403
53 0
53 53
53 215
54 0
54 54
54 216
54 225
54 377
54 394
54 403
55 0
55 15
55 19
55 55
55 151
55 186
55 243
55 394
55 400
55 403
56 0
56 56
56 155
56 185
56 217
56 381
56 672
56 918
56 932
57 0
57 1
57 2
57 13
57 15
57 57
57 84
57 186
57 216
57 217
57 225
57 227
57 394
57 396
57 400
57 403
58 0
58 3
58 15
58 58
58 103
58 143
58 217
58 225
58 251
58 361
58 368
58 374
58 394
58 400
58 403
58 461
58 510
58 671
58 849
58 871
58 988
59 0
59 46
59 48
59 59
59 137
59 149
59 170
59 205
59 208
59 225
59 251
59 263
59 337
59 361
59 394
59 510
59 574
59 595
59 983
60 0
60 17
60 46
60 60
60 122
60 134
60 189
60 394
60 400
60 448
60 510
60 804
60 880
60 897
61 0
61 15
61 61
61 186
61 239
61 394
61 400
61 403
62 0
62 62
62 216
62 394
62 721
62 799
63 0
63 15
63 19
63 63
63 84
63 186
63 217
63 225
63 394
63 395
63 400
63 546
64 0
64 64
64 216
64 394
65 0
65 15
65 20
65 65
65 134
65 151
65 186
65 217
65 225
65 394
65 397
65 400
65 403
65 835
66 0
66 4
66 34
66 46
66 66
66 81
66 103
66 151
66 184
66 185
66 192
66 217
66 337
66 361
66 394
66 510
66 559
66 595
66 625
66 660
66 808
66 809
66 837
66 855
66 947
66 990
67 0
67 67
68 0
68 68
68 74
68 364
68 377
68 740
68 818
69 0
69 69
70 0
70 70
70 84
70 143
70 186
70 217
70 225
70 394
70 400
70 571
71 0
71 34
71 71
71 115
71 211
71 394
71 951
72 0
72 15
72 72
72 394
72 400
73 0
73 73
74 0
74 68
74 74
74 80
74 151
74 157
74 377
74 394
74 403
74 462
74 561
75 0
75 15
75 19
75 20
75 75
75 143
75 151
75 216
75 225
75 399
75 400
75 685
76 0
76 76
76 143
76 394
76 400
77 0
77 77
78 0
78 34
78 78
78 140
79 0
79 17
79 79
79 84
79 116
79 141
79 151
79 217
79 225
79 272
79 377
79 394
79 400
79 403
79 527
80 0
80 74
80 80
80 93
80 122
80 394
80 400
80 403
80 434
81 0
81 15
81 17
81 66
81 81
81 84
81 110
81 132
81 151
81 177
81 186
81 225
81 263
81 362
81 394
81 396
81 400
81 402
81 477
81 581
81 625
81 650
82 0
82 82
83 0
83 8
83 34
83 46
83 83
83 102
83 107
83 119
83 143
83 155
83 184
83 185
83 186
83 192
83 198
83 244
83 283
83 320
83 337
83 394
83 408
83 461
83 502
83 532
83 548
83 552
83 557
83 619
83 710
83 898
83 938
83 993
84 0
84 2
84 12
84 15
84 32
84 35
84 42
84 57
84 63
84 70
84 79
84 81
84 84
84 88
84 106
84 113
84 118
84 137
84 143
84 177
84 186
84 192
84 207
84 216
84 265
84 272
84 275
84 291
84 337
84 340
84 354
84 375
84 379
84 394
84 395
84 400
84 403
84 408
84 532
84 552
84 779
84 813
84 972
85 0
85 15
85 85
85 151
85 216
85 217
85 220
85 221
85 225
85 251
85 362
85 379
85 381
85 394
85 400
85 403
85 755
85 918
85 994
86 0
86 15
86 86
86 151
86 186
86 394
86 400
86 403
87 0
87 87
88 0
88 15
88 17
88 34
88 84
88 88
88 216
88 394
88 400
88 403
88 446
89 0
89 1
89 89
89 225
89 239
90 0
90 8
90 17
90 46
90 90
90 102
90 389
90 539
90 750
90 799
90 837
90 951
91 0
91 1
91 91
91 102
91 225
91 263
91 416
91 663
91 776
92 0
92 1
92 92
92 112
92 198
92 394
93 0
93 8
93 15
93 17
93 46
93 80
93 93
93 103
93 143
93 151
93 155
93 186
93 192
93 205
93 217
93 225
93 251
93 320
93 337
93 394
93 395
93 399
93 400
93 403
93 408
93 447
93 510
93 552
93 595
93 619
93 715
93 796
93 871
93 898
93 970
94 0
94 46
94 94
94 189
94 394
94 400
95 0
95 2
95 3
95 15
95 95
95 186
95 217
95 221
95 381
95 395
95 400
96 0
96 96
97 0
97 8
97 46
97 97
97 102
97 103
97 184
97 510
97 815
97 824
98 0
98 15
98 98
99 0
99 15
99 99
99 151
99 186
99 216
99 225
99 377
99 394
99 400
99 462
99 549
99 599
99 630
100 0
100 100
101 0
101 15
101 101
101 394
101 400
102 0
102 30
102 46
102 51
102 83
102 90
102 91
102 97
102 102
102 186
102 189
102 192
102 320
102 394
102 398
102 400
102 408
102 448
102 461
102 510
102 595
102 619
102 635
102 643
102 837
102 840
102 897
102 898
103 0
103 8
103 15
103 46
103 58
103 66
103 93
103 97
103 103
103 151
103 177
103 186
103 192
103 205
103 320
103 361
103 394
103 513
103 602
103 669
103 871
104 0
104 104
104 215
104 376
104 398
104 539
104 595
104 772
104 779
104 793
104 815
104 904
104 990
105 0
105 3
105 105
106 0
106 34
106 84
106 106
106 134
106 143
106 151
106 186
106 217
106 225
106 394
106 395
106 400
106 403
106 597
107 0
107 46
107 83
107 107
107 143
107 185
107 186
107 192
107 320
107 394
107 400
107 408
107 447
107 546
107 595
107 878
107 883
108 0
108 108
108 143
108 151
108 186
108 389
108 394
108 400
109 0
109 109
110 0
110 46
110 81
110 110
110 165
110 185
110 206
110 284
110 502
110 557
110 734
111 0
111 2
111 15
111 17
111 20
111 111
111 143
111 151
111 186
111 216
111 217
111 225
111 394
111 395
111 396
111 399
111 400
111 401
111 403
111 408
111 434
111 450
111 513
111 550
111 595
111 620
111 821
111 829
111 858
111 871
112 0
112 15
112 22
112 92
112 112
112 225
112 394
112 403
112 724
112 799
113 0
113 8
113 15
113 46
113 84
113 113
113 186
113 192
113 225
113 320
113 377
113 394
113 408
113 595
113 883
113 994
114 0
114 34
114 114
114 216
114 243
114 394
115 0
115 15
115 46
115 49
115 71
115 115
115 190
115 217
115 220
115 222
115 225
115 394
115 400
115 552
115 559
115 595
115 815
115 855
115 876
115 950
116 0
116 15
116 79
116 116
116 186
116 225
116 394
116 400
116 403
116 461
116 707
116 840
117 0
117 15
117 117
117 225
117 266
117 394
117 400
117 861
118 0
118 15
118 84
118 118
118 143
118 151
118 186
118 394
118 400
118 401
119 0
119 34
119 46
119 83
119 119
119 155
119 394
119 502
119 595
119 676
119 890
120 0
120 34
120 120
120 217
120 394
120 565
120 931
121 0
121 121
121 394
122 0
122 15
122 17
122 46
122 60
122 80
122 122
122 151
122 185
122 186
122 217
122 225
122 239
122 394
122 395
122 396
122 400
122 403
122 559
122 595
123 0
123 15
123 123
124 0
124 15
124 124
124 394
124 798
125 0
125 1
125 3
125 40
125 125
125 151
125 166
125 217
125 381
125 394
125 403
126 0
126 126
126 173
126 189
126 394
126 868
127 0
127 127
127 394
128 0
128 15
128 17
128 34
128 128
128 143
128 151
128 186
128 216
128 217
128 368
128 381
128 394
128 395
128 399
128 400
128 403
128 438
128 550
129 0
129 11
129 129
129 519
130 0
130 34
130 130
130 186
130 216
130 225
130 595
131 0
131 131
131 217
131 377
131 598
132 0
132 13
132 19
132 34
132 81
132 132
132 217
132 225
132 283
132 394
133 0
133 15
133 34
133 46
133 133
133 211
134 0
134 47
134 60
134 65
134 106
134 134
134 143
134 153
134 192
134 368
134 398
134 405
134 444
134 510
134 552
134 812
134 840
134 913
135 0
135 135
135 137
135 192
135 361
135 381
136 0
136 136
136 151
136 377
137 0
137 21
137 34
137 46
137 59
137 84
137 135
137 137
137 143
137 151
137 205
137 216
137 217
137 394
137 399
137 400
137 401
137 403
137 595
137 855
138 0
138 7
138 138
138 162
139 0
139 17
139 46
139 52
139 139
139 143
139 165
139 186
139 225
139 394
140 0
140 2
140 15
140 17
140 78
140 140
140 151
140 216
140 217
140 225
140 272
140 394
140 395
140 396
140 397
140 398
140 400
140 401
140 403
140 405
140 527
140 552
140 769
140 796
140 921
140 991
141 0
141 34
141 79
141 141
141 143
141 151
141 186
141 217
141 394
141 398
141 403
141 510
141 625
141 850
142 0
142 142
143 0
143 2
143 8
143 12
143 15
143 17
143 22
143 23
143 25
143 32
143 35
143 36
143 42
143 46
143 47
143 49
143 50
143 52
143 70
143 75
143 76
143 83
143 84
143 93
143 103
143 106
143 107
143 108
143 111
143 118
143 128
143 134
143 137
143 139
143 141
143 143
143 147
143 151
143 159
143 165
143 171
143 172
143 176
143 177
143 182
143 184
143 185
143 186
143 189
143 191
143 192
143 205
143 216
143 239
143 244
143 251
143 265
143 272
143 281
143 302
143 320
143 331
143 332
143 337
143 340
143 360
143 361
143 362
143 368
143 371
143 379
143 389
143 394
143 395
143 396
143 397
143 398
143 399
143 400
143 401
143 403
143 408
143 411
143 442
143 447
143 472
143 476
143 479
143 505
143 510
143 527
143 532
143 533
143 545
143 576
143 581
143 582
143 602
143 632
143 637
143 660
143 715
143 741
143 763
143 769
143 799
143 818
143 837
143 858
143 863
143 871
143 873
143 883
143 890
143 898
143 938
143 943
143 965
144 0
144 44
144 144
144 185
145 0
145 1
145 81
145 145
145 225
145 244
145 394
145 400
145 403
146 0
146 15
146 146
146 186
146 216
146 394
146 400
147 0
147 1
147 2
147 15
147 17
147 143
147 147
147 362
147 394
147 395
147 396
147 397
147 400
147 710
147 971
148 0
148 15
148 148
148 394
148 400
149 0
149 59
149 149
149 192
149 381
149 394
150 0
150 15
150 34
150 150
150 202
150 394
151 0
151 1
151 2
151 4
151 8
151 15
151 17
151 19
151 22
151 25
151 31
151 32
151 33
151 34
151 38
151 42
151 46
151 47
151 48
151 49
151 50
151 52
151 55
151 65
151 66
151 74
151 75
151 79
151 81
151 85
151 86
151 93
151 99
151 103
151 106
151 108
151 111
151 118
151 122
151 125
151 128
151 136
151 137
151 140
151 141
151 143
151 151
151 158
151 166
151 176
151 177
151 186
151 189
151 191
151 192
151 194
151 201
151 204
151 207
151 244
151 263
151 267
151 281
151 284
151 303
151 318
151 324
151 331
151 332
151 337
151 340
151 344
151 351
151 361
151 362
151 364
151 371
151 374
151 381
151 389
151 394
151 398
151 400
151 401
151 403
151 406
151 407
151 408
151 426
151 434
151 448
151 454
151 467
151 475
151 476
151 489
151 500
151 510
151 517
151 521
151 567
151 576
151 581
151 582
151 593
151 614
151 621
151 664
151 705
151 737
151 747
151 753
151 759
151 765
151 769
151 772
151 779
151 801
151 810
151 818
151 832
151 850
151 851
151 864
151 871
151 885
151 888
151 903
151 951
151 971
151 972
151 989
151 990
152 0
152 152
152 377
152 394
152 400
152 546
152 602
153 0
153 15
153 134
153 153
153 189
153 394
153 400
153 450
153 510
153 539
153 546
153 750
153 772
154 0
154 154
154 394
155 0
155 34
155 46
155 48
155 56
155 83
155 93
155 155
155 184
155 185
155 192
155 198
155 205
155 251
155 263
155 320
155 337
155 361
155 394
155 447
155 502
155 510
155 532
155 595
155 602
155 706
155 747
155 843
155 871
155 883
155 947
156 0
156 15
156 156
157 0
157 34
157 46
157 74
157 157
157 217
157 620
158 0
158 15
158 17
158 151
158 158
158 186
158 217
158 394
158 400
158 403
159 0
159 143
159 159
159 394
159 400
160 0
160 15
160 46
160 153
160 160
160 198
160 225
160 263
160 320
160 337
160 394
160 408
160 502
160 715
160 799
160 807
160 883
161 0
161 161
162 0
162 7
162 11
162 138
162 162
162 169
162 510
162 865
163 0
163 15
163 163
163 377
163 394
163 400
163 403
164 0
164 12
164 15
164 47
164 164
164 186
164 394
164 399
164 400
165 0
165 2
165 15
165 17
165 47
165 110
165 139
165 143
165 165
165 186
165 394
165 395
165 397
165 399
165 403
166 0
166 1
166 13
166 46
166 92
166 125
166 151
166 166
166 224
166 225
166 394
166 400
166 403
167 0
167 1
167 167
167 225
167 227
167 829
168 0
168 15
168 168
168 216
168 302
168 379
168 394
168 400
169 0
169 162
169 169
169 725
170 0
170 59
170 170
170 178
171 0
171 17
171 46
171 47
171 143
171 171
171 192
171 225
171 395
171 397
171 398
171 399
171 401
171 402
171 403
171 526
171 595
171 820
172 0
172 34
172 143
172 172
172 225
172 263
172 381
172 416
172 595
172 793
172 954
173 0
173 126
173 173
173 377
174 0
174 15
174 174
174 217
174 394
175 0
175 8
175 13
175 46
175 175
175 217
175 394
175 400
175 413
175 446
175 733
175 848
175 851
175 886
175 890
175 930
175 970
176 0
176 2
176 15
176 143
176 151
176 176
176 186
176 217
176 368
176 377
176 394
176 395
176 400
176 403
177 0
177 1
177 13
177 17
177 81
177 84
177 103
177 143
177 151
177 177
177 225
177 394
177 405
177 559
177 625
177 632
177 756
177 815
178 0
178 170
178 178
179 0
179 179
179 394
179 724
179 951
180 0
180 14
180 180
180 251
180 263
180 320
180 331
180 361
180 450
180 510
180 696
181 0
181 181
182 0
182 2
182 15
182 17
182 35
182 46
182 47
182 143
182 151
182 182
182 186
182 225
182 394
182 395
182 396
182 397
182 400
182 403
183 0
183 47
183 183
183 394
184 0
184 1
184 25
184 66
184 83
184 143
184 155
184 184
184 185
184 205
184 220
184 244
184 251
184 263
184 381
184 394
184 447
184 461
184 510
184 527
184 532
184 595
184 715
184 840
184 870
184 883
184 898
184 947
185 0
185 8
185 15
185 25
185 48
185 56
185 66
185 83
185 103
185 107
185 110
185 122
185 143
185 144
185 155
185 184
185 185
185 186
185 198
185 231
185 244
185 320
185 376
185 381
185 394
185 403
185 408
185 416
185 447
185 467
185 502
185 532
185 556
185 602
185 637
185 726
185 747
185 793
185 809
185 837
185 871
185 883
185 994
186 0
186 12
186 15
186 17
186 19
186 25
186 33
186 35
186 46
186 48
186 51
186 52
186 55
186 57
186 61
186 63
186 65
186 70
186 81
186 83
186 84
186 86
186 93
186 95
186 99
186 102
186 103
186 106
186 107
186 108
186 111
186 113
186 116
186 118
186 122
186 128
186 130
186 139
186 141
186 143
186 146
186 151
186 158
186 164
186 165
186 176
186 185
186 186
186 189
186 191
186 192
186 203
186 220
186 244
186 320
186 332
186 337
186 362
186 368
186 371
186 389
186 394
186 400
186 403
186 408
186 426
186 434
186 467
186 505
186 620
186 635
186 656
186 715
186 769
186 801
186 837
186 840
186 883
186 897
186 898
186 913
187 0
187 15
187 187
187 394
188 0
188 188
189 0
189 15
189 17
189 19
189 46
189 60
189 94
189 102
189 126
189 143
189 151
189 153
189 186
189 189
189 225
189 394
189 400
189 403
189 408
189 426
189 523
189 545
189 639
189 659
189 707
189 729
189 804
189 840
190 0
190 115
190 190
190 217
190 272
190 283
190 364
190 408
190 559
190 561
190 810
191 0
191 15
191 47
191 143
191 151
191 186
191 191
191 205
191 216
191 220
191 377
191 394
191 399
191 400
191 595
191 637
191 883
192 0
192 2
192 4
192 8
192 15
192 17
192 25
192 34
192 46
192 47
192 51
192 66
192 83
192 84
192 93
192 102
192 103
192 107
192 113
192 134
192 135
192 143
192 149
192 151
192 155
192 171
192 186
192 192
192 198
192 205
192 217
192 225
192 244
192 251
192 263
192 284
192 320
192 337
192 361
192 371
192 381
192 394
192 395
192 398
192 400
192 402
192 403
192 408
192 447
192 461
192 479
192 502
192 510
192 532
192 552
192 556
192 559
192 593
192 595
192 602
192 620
192 696
192 715
192 729
192 755
192 799
192 815
192 825
192 829
192 837
192 840
192 844
192 871
192 883
192 890
192 898
192 914
192 947
193 0
193 34
193 193
193 217
193 394
193 403
193 480
194 0
194 13
194 15
194 151
194 194
194 217
194 225
194 394
194 400
194 403
195 0
195 104
195 195
195 397
195 846
196 0
196 196
197 0
197 197
198 0
198 8
198 20
198 23
198 46
198 83
198 92
198 155
198 160
198 185
198 192
198 198
198 222
198 320
198 337
198 377
198 405
198 408
198 448
198 510
198 595
198 605
198 632
198 686
198 694
198 715
198 794
198 883
198 931
198 932
198 983
199 0
199 199
200 0
200 200
200 394
200 400
200 403
200 850
200 896
201 0
201 17
201 151
201 201
201 217
201 225
201 394
201 400
201 403
202 0
202 150
202 202
202 215
202 416
202 554
203 0
203 186
203 203
203 394
204 0
204 151
204 204
204 239
204 397
204 750
205 0
205 59
205 93
205 103
205 137
205 143
205 155
205 184
205 191
205 192
205 205
205 220
205 239
205 251
205 263
205 284
205 320
205 337
205 361
205 381
205 399
205 400
205 406
205 450
205 595
205 602
205 732
205 796
205 799
205 871
205 883
206 0
206 15
206 20
206 110
206 206
206 394
206 408
206 523
206 559
206 565
206 632
206 808
206 871
207 0
207 13
207 15
207 17
207 19
207 84
207 151
207 207
207 216
207 225
207 394
207 400
207 403
208 0
208 15
208 59
208 208
208 217
208 394
208 400
209 0
209 1
209 18
209 19
209 209
209 217
209 225
209 394
209 565
209 581
209 671
209 794
210 0
210 22
210 210
211 34
211 46
211 133
211 211
211 215
211 510
211 799
212 0
212 212
213 213
214 214
215 46
215 104
215 211
215 215
215 244
215 371
215 510
215 656
215 671
215 772
216 22
216 36
216 46
216 52
216 54
216 57
216 64
216 75
216 84
216 85
216 88
216 99
216 111
216 114
216 128
216 130
216 137
216 140
216 143
216 146
216 168
216 191
216 207
216 216
216 217
216 218
216 219
216 220
216 221
216 222
216 223
216 224
216 225
216 226
216 227
216 228
216 229
216 230
216 231
216 232
216 233
216 234
216 235
216 236
216 237
216 238
216 239
216 240
216 241
216 242
216 243
216 244
216 245
216 246
216 247
216 248
216 249
216 250
216 251
216 252
216 253
216 254
216 255
216 256
216 257
216 258
216 259
216 260
216 261
216 262
216 263
216 264
216 265
216 266
216 267
216 268
216 269
216 270
216 271
216 272
216 273
216 274
216 275
216 276
216 277
216 278
216 279
216 280
216 281
216 282
216 283
216 284
216 285
216 286
216 287
216 288
216 289
216 290
216 291
216 292
216 293
216 294
216 295
216 296
216 297
216 298
216 299
216 300
216 301
216 302
216 303
216 304
216 305
216 306
216 307
216 308
216 309
216 310
216 311
216 312
216 313
216 314
216 315
216 316
216 317
216 318
216 319
216 320
216 321
216 322
216 323
216 324
216 325
216 326
216 327
216 328
216 329
216 330
216 331
216 332
216 333
216 334
216 335
216 336
216 337
216 338
216 339
216 340
216 341
216 342
216 343
216 344
216 345
216 346
216 347
216 348
216 349
216 350
216 351
216 352
216 353
216 354
216 355
216 356
216 357
216 358
216 359
216 360
216 361
216 362
216 363
216 364
216 365
216 366
216 367
216 368
216 369
216 370
216 371
216 372
216 373
216 374
216 375
216 376
216 377
216 378
216 379
216 380
216 381
216 382
216 383
216 384
216 385
216 386
216 387
216 388
216 389
216 390
216 391
216 392
216 393
217 1
217 4
217 18
217 23
217 40
217 42
217 52
217 56
217 57
217 58
217 63
217 65
217 66
217 70
217 79
217 85
217 93
217 95
217 106
217 111
217 115
217 120
217 122
217 125
217 128
217 131
217 132
217 137
217 140
217 141
217 157
217 158
217 174
217 175
217 176
217 190
217 192
217 193
217 194
217 201
217 205
217 208
217 209
217 216
217 217
217 218
217 222
217 228
217 239
217 265
217 290
217 302
217 303
217 337
217 379
217 381
217 400
217 407
217 410
217 425
217 434
217 468
217 472
217 492
217 500
217 503
217 509
217 526
217 540
217 546
217 548
217 554
217 563
217 564
217 565
217 604
217 642
217 644
217 645
217 660
217 705
217 720
217 722
217 747
217 794
217 821
217 822
217 823
217 824
217 831
217 833
217 844
217 850
217 861
217 868
217 869
217 873
217 874
217 882
217 889
217 897
217 898
217 904
217 909
217 933
217 944
217 963
217 971
217 998
218 216
218 217
218 218
218 222
218 225
218 228
218 302
218 379
219 33
219 216
219 219
219 227
219 291
219 379
220 15
220 17
220 184
220 186
220 191
220 205
220 216
220 220
220 263
220 281
220 290
220 294
220 301
220 302
220 309
220 318
220 320
220 374
220 377
220 379
220 394
220 400
220 517
220 587
220 625
220 719
220 732
220 737
220 740
220 780
220 814
220 818
220 918
221 85
221 95
221 216
221 221
221 249
221 302
221 362
221 377
221 379
222 48
222 115
222 198
222 216
222 217
222 218
222 222
222 225
222 226
222 228
222 263
222 302
222 368
222 377
222 379
222 381
222 390
222 793
223 216
223 223
223 302
223 379
224 166
224 216
224 224
224 227
224 302
224 379
225 1
225 4
225 8
225 23
225 32
225 33
225 34
225 35
225 40
225 42
225 46
225 52
225 54
225 57
225 58
225 59
225 63
225 65
225 70
225 75
225 79
225 81
225 85
225 89
225 91
225 93
225 99
225 106
225 111
225 112
225 113
225 115
225 116
225 117
225 122
225 130
225 132
225 139
225 140
225 145
225 160
225 166
225 167
225 171
225 172
225 177
225 182
225 189
225 192
225 194
225 201
225 207
225 209
225 216
225 218
225 222
225 225
225 227
225 228
225 231
225 242
225 255
225 260
225 263
225 265
225 266
225 281
225 282
225 283
225 284
225 290
225 302
225 332
225 337
225 340
225 347
225 351
225 356
225 363
225 364
225 367
225 376
225 379
225 381
225 396
225 413
225 417
225 422
225 427
225 430
225 434
225 440
225 452
225 468
225 472
225 477
225 482
225 492
225 496
225 500
225 501
225 503
225 509
225 513
225 527
225 531
225 539
225 540
225 552
225 562
225 569
225 572
225 583
225 600
225 608
225 614
225 641
225 642
225 645
225 647
225 656
225 657
225 660
225 662
225 664
225 676
225 677
225 703
225 705
225 709
225 734
225 742
225 746
225 747
225 753
225 760
225 765
225 769
225 779
225 793
225 794
225 799
225 815
225 821
225 822
225 823
225 831
225 838
225 840
225 844
225 845
225 851
225 863
225 868
225 873
225 874
225 878
225 888
225 889
225 895
225 896
225 904
225 914
225 930
225 931
225 932
225 935
225 954
225 960
225 971
225 972
225 980
225 981
225 998
225 1000
226 216
226 222
226 226
226 228
226 291
226 302
226 362
226 379
226 390
227 57
227 167
227 216
227 219
227 224
227 225
227 227
227 302
227 379
227 694
227 835
228 216
228 217
228 218
228 222
228 225
228 226
228 228
228 302
228 375
228 379
229 216
229 229
230 15
230 216
230 230
230 253
230 309
230 394
231 185
231 216
231 225
231 231
232 216
232 232
233 216
233 233
234 216
234 234
234 311
234 331
235 216
235 235
236 216
236 236
237 216
237 237
238 216
238 238
239 2
239 15
239 22
239 40
239 47
239 61
239 89
239 122
239 143
239 204
239 205
239 216
239 217
239 239
239 394
239 395
239 397
239 399
239 400
239 510
239 546
239 676
239 772
239 779
239 951
240 216
240 240
241 216
241 241
242 216
242 225
242 242
243 55
243 103
243 114
243 144
243 216
243 243
243 394
244 25
244 46
244 83
244 143
244 145
244 151
244 184
244 185
244 186
244 192
244 215
244 216
244 244
244 394
244 399
244 400
244 502
244 505
244 513
244 538
244 546
244 871
244 943
244 990
245 216
245 245
246 216
246 246
246 377
246 394
246 732
247 216
247 247
248 216
248 248
249 216
249 221
249 249
250 216
250 250
251 14
251 46
251 49
251 58
251 59
251 85
251 93
251 143
251 155
251 180
251 184
251 192
251 205
251 216
251 251
251 263
251 284
251 320
251 331
251 337
251 361
251 381
251 394
251 447
251 510
251 599
251 637
251 696
251 715
251 871
251 883
251 941
251 947
251 954
252 216
252 252
253 15
253 216
253 230
253 253
253 262
253 269
253 309
253 326
253 327
253 334
253 394
254 216
254 254
255 216
255 225
255 255
256 216
256 256
257 216
257 257
258 216
258 258
259 216
259 259
260 216
260 225
260 260
261 216
261 261
262 15
262 216
262 253
262 262
262 394
263 10
263 14
263 22
263 46
263 59
263 81
263 91
263 151
263 155
263 160
263 172
263 180
263 184
263 192
263 205
263 216
263 220
263 222
263 225
263 251
263 263
263 320
263 331
263 337
263 361
263 374
263 377
263 381
263 394
263 447
263 510
263 595
263 599
263 602
263 622
263 637
263 682
263 715
263 737
263 799
263 871
263 883
263 947
263 949
264 216
264 264
265 17
265 23
265 84
265 143
265 216
265 217
265 225
265 265
265 377
265 394
265 403
265 405
265 565
265 955
266 117
266 216
266 225
266 266
267 59
267 151
267 216
267 221
267 267
267 283
267 394
267 599
267 630
267 871
268 216
268 268
269 15
269 216
269 253
269 269
269 394
270 216
270 270
271 216
271 271
271 309
272 2
272 15
272 20
272 34
272 47
272 79
272 84
272 140
272 143
272 190
272 216
272 272
272 368
272 394
272 396
272 400
272 403
272 447
272 552
272 595
272 625
272 738
272 849
273 216
273 273
274 216
274 274
274 374
275 84
275 216
275 275
276 216
276 276
277 216
277 277
278 216
278 278
279 216
279 279
280 216
280 280
281 143
281 151
281 216
281 220
281 225
281 281
281 394
281 595
281 918
282 1
282 216
282 225
282 282
282 595
283 1
283 8
283 83
283 132
283 190
283 216
283 225
283 283
283 374
283 394
283 441
283 547
283 710
283 765
283 826
283 980
284 8
284 22
284 46
284 110
284 151
284 192
284 205
284 216
284 225
284 251
284 284
284 320
284 337
284 361
284 381
284 394
284 397
284 408
284 416
284 498
284 502
284 532
284 595
284 602
284 715
284 829
284 835
284 858
284 883
284 947
285 216
285 285
285 357
286 216
286 286
287 216
287 287
288 216
288 288
289 216
289 289
290 15
290 214
290 216
290 217
290 220
290 225
290 290
290 394
290 401
290 403
290 517
290 565
290 846
291 84
291 216
291 219
291 226
291 291
291 373
292 216
292 292
292 377
292 394
293 216
293 293
294 216
294 220
294 294
294 394
294 858
295 216
295 295
296 216
296 296
297 216
297 297
298 216
298 298
299 216
299 299
300 216
300 300
301 216
301 220
301 301
302 143
302 168
302 216
302 217
302 218
302 220
302 221
302 222
302 223
302 224
302 225
302 226
302 227
302 228
302 302
303 151
303 216
303 217
303 303
303 403
304 216
304 304
305 216
305 305
306 216
306 306
307 216
307 307
308 216
308 308
308 339
309 216
309 220
309 230
309 253
309 271
309 309
309 326
309 331
309 371
310 216
310 310
311 216
311 234
311 311
312 216
312 312
313 216
313 313
313 793
314 216
314 314
315 216
315 315
316 216
316 316
317 216
317 317
318 151
318 216
318 220
318 318
318 377
318 394
318 405
318 565
319 216
319 319
320 8
320 14
320 46
320 83
320 93
320 102
320 103
320 107
320 113
320 155
320 160
320 180
320 185
320 186
320 192
320 198
320 205
320 216
320 220
320 251
320 263
320 284
320 320
320 331
320 337
320 361
320 371
320 381
320 408
320 447
320 461
320 467
320 502
320 510
320 532
320 574
320 595
320 599
320 602
320 619
320 715
320 799
320 871
320 883
320 898
320 947
320 954
320 994
321 216
321 321
322 216
322 322
323 216
323 323
323 377
324 151
324 216
324 324
324 394
324 403
324 559
324 595
325 216
325 325
326 15
326 216
326 253
326 309
326 326
326 394
327 15
327 216
327 253
327 327
327 394
328 216
328 328
329 216
329 329
330 216
330 330
331 49
331 151
331 180
331 216
331 234
331 251
331 263
331 309
331 320
331 331
331 394
331 447
331 510
331 599
331 637
332 13
332 15
332 143
332 151
332 186
332 216
332 225
332 332
332 394
332 395
332 397
332 399
332 400
332 403
333 216
333 333
334 15
334 216
334 253
334 334
334 394
335 216
335 335
335 394
336 216
336 336
336 737
337 8
337 14
337 15
337 42
337 46
337 49
337 59
337 66
337 83
337 84
337 93
337 151
337 155
337 160
337 186
337 192
337 198
337 205
337 216
337 217
337 225
337 251
337 263
337 284
337 320
337 337
337 361
337 376
337 381
337 394
337 397
337 408
337 447
337 502
337 503
337 510
337 532
337 574
337 593
337 595
337 632
337 696
337 715
337 755
337 843
337 858
337 883
337 947
337 954
337 956
338 15
338 47
338 52
338 216
338 338
338 374
338 394
338 399
338 400
338 546
338 896
338 919
339 216
339 339
340 84
340 143
340 151
340 216
340 225
340 340
340 394
340 403
340 951
341 216
341 341
342 216
342 342
343 216
343 343
343 377
343 394
344 15
344 151
344 216
344 344
344 377
344 394
344 395
344 400
344 403
345 216
345 345
346 216
346 346
347 216
347 225
347 347
347 403
348 216
348 348
349 216
349 349
349 595
349 661
349 751
349 871
350 216
350 350
351 151
351 216
351 225
351 351
351 394
351 400
351 403
352 216
352 352
352 377
353 216
353 353
354 34
354 84
354 216
354 354
354 972
355 216
355 355
356 155
356 216
356 225
356 356
356 523
356 559
356 595
357 216
357 285
357 357
358 216
358 358
359 216
359 359
360 143
360 216
360 360
361 46
361 49
361 58
361 59
361 66
361 103
361 135
361 143
361 151
361 155
361 180
361 192
361 205
361 216
361 251
361 263
361 284
361 320
361 337
361 361
361 381
361 447
361 480
361 510
361 540
361 593
361 602
361 632
361 699
361 745
361 936
361 947
362 81
362 85
362 143
362 147
362 151
362 186
362 216
362 221
362 226
362 362
362 394
362 447
363 216
363 225
363 363
364 68
364 151
364 190
364 216
364 220
364 225
364 364
364 377
364 381
364 394
364 725
365 216
365 365
366 216
366 366
367 216
367 225
367 367
368 10
368 34
368 128
368 134
368 143
368 176
368 186
368 216
368 222
368 272
368 368
368 394
368 397
368 416
368 725
368 783
368 990
369 216
369 369
370 216
370 370
371 17
371 46
371 143
371 151
371 186
371 192
371 215
371 216
371 309
371 320
371 371
371 381
371 394
371 447
371 461
371 510
371 715
372 216
372 372
373 216
373 291
373 373
374 58
374 151
374 216
374 220
374 263
374 274
374 283
374 338
374 347
374 374
374 394
374 403
374 638
374 722
374 871
374 919
374 983
375 15
375 84
375 216
375 228
375 375
375 400
376 1
376 104
376 185
376 216
376 225
376 337
376 376
376 394
376 526
376 571
376 678
376 988
377 3
377 4
377 18
377 50
377 54
377 68
377 74
377 79
377 99
377 113
377 131
377 136
377 152
377 163
377 173
377 176
377 191
377 198
377 216
377 220
377 221
377 222
377 246
377 263
377 265
377 292
377 318
377 323
377 343
377 344
377 352
377 364
377 377
377 379
377 392
377 434
377 464
377 516
377 517
377 522
377 524
377 527
377 549
377 565
377 583
377 602
377 627
377 645
377 656
377 672
377 705
377 718
377 732
377 733
377 737
377 740
377 762
377 786
377 789
377 796
377 842
377 854
377 861
377 866
377 876
377 909
377 918
377 941
377 983
378 216
378 378
379 84
379 85
379 143
379 168
379 216
379 217
379 218
379 219
379 220
379 221
379 222
379 223
379 224
379 225
379 226
379 227
379 228
379 377
379 379
380 216
380 380
381 13
381 41
381 49
381 56
381 95
381 103
381 125
381 128
381 135
381 149
381 150
381 151
381 172
381 184
381 185
381 192
381 205
381 216
381 217
381 222
381 225
381 251
381 263
381 284
381 320
381 337
381 361
381 364
381 371
381 381
381 394
381 400
381 403
381 405
381 510
381 540
381 595
381 599
381 602
381 696
381 715
381 736
381 796
381 826
381 850
381 861
381 870
381 871
381 885
381 909
381 932
381 936
381 949
381 954
381 970
381 990
382 216
382 382
383 216
383 383
384 216
384 384
385 216
385 385
386 216
386 386
387 216
387 387
388 216
388 388
388 394
388 403
389 15
389 90
389 108
389 143
389 151
389 186
389 216
389 389
389 394
389 399
389 400
390 216
390 222
390 226
390 390
391 216
391 391
392 216
392 377
392 392
393 216
393 393
394 2
394 4
394 8
394 12
394 15
394 17
394 19
394 23
394 25
394 27
394 31
394 32
394 33
394 34
394 35
394 36
394 38
394 40
394 42
394 43
394 46
394 47
394 49
394 50
394 51
394 52
394 54
394 55
394 57
394 58
394 59
394 60
394 61
394 62
394 63
394 64
394 65
394 66
394 70
394 71
394 72
394 74
394 76
394 79
394 80
394 81
394 83
394 84
394 85
394 86
394 88
394 92
394 93
394 94
394 99
394 101
394 102
394 103
394 106
394 107
394 108
394 111
394 112
394 113
394 114
394 115
394 116
394 117
394 118
394 119
394 120
394 121
394 122
394 124
394 125
394 126
394 127
394 128
394 132
394 137
394 139
394 140
394 141
394 143
394 145
394 146
394 147
394 148
394 149
394 150
394 151
394 152
394 153
394 154
394 155
394 158
394 159
394 160
394 163
394 164
394 165
394 166
394 168
394 174
394 175
394 176
394 177
394 179
394 182
394 183
394 184
394 185
394 186
394 187
394 189
394 191
394 192
394 193
394 194
394 200
394 201
394 203
394 206
394 207
394 208
394 209
394 220
394 230
394 239
394 243
394 244
394 246
394 251
394 253
394 262
394 263
394 265
394 267
394 269
394 272
394 281
394 283
394 284
394 290
394 292
394 294
394 318
394 324
394 326
394 327
394 331
394 332
394 334
394 335
394 337
394 338
394 340
394 343
394 344
394 351
394 362
394 364
394 371
394 374
394 376
394 381
394 388
394 389
394 394
394 395
394 396
394 397
394 398
394 399
394 400
394 401
394 402
394 403
394 404
394 405
394 406
394 407
394 408
394 409
394 410
394 411
394 412
394 413
394 414
394 415
394 416
394 417
394 418
394 419
394 420
394 421
394 422
394 423
394 424
394 425
394 426
394 427
394 428
394 429
394 430
394 431
394 432
394 433
394 434
394 435
394 436
394 437
394 438
394 439
394 440
394 441
394 442
394 443
394 444
394 445
394 446
394 447
394 448
394 449
394 450
394 451
394 452
394 453
394 454
394 455
394 456
394 457
394 458
394 459
394 460
394 461
394 462
394 463
394 464
394 465
394 466
394 467
394 468
394 469
394 470
394 471
394 472
394 473
394 474
394 475
394 476
394 477
394 478
394 479
394 480
394 481
394 482
394 483
394 484
394 485
394 486
394 487
394 488
394 489
394 490
394 491
394 492
394 493
394 494
394 495
394 496
394 497
394 498
394 499
394 500
394 501
394 502
394 503
394 504
394 505
394 506
394 507
394 508
394 509
394 510
394 511
394 512
394 513
394 514
394 515
394 516
394 517
394 518
394 519
394 520
394 521
394 522
394 523
394 524
394 525
394 526
394 527
394 528
394 529
394 530
394 531
394 532
394 533
394 534
394 535
394 536
394 537
394 538
394 539
394 540
394 541
394 542
394 543
394 544
394 545
394 546
394 547
394 548
394 549
394 550
394 551
394 552
394 553
394 554
394 555
394 556
394 557
394 558
394 559
394 560
394 561
394 562
394 563
394 564
394 565
394 566
394 567
394 568
394 569
394 570
394 571
394 572
394 573
394 574
394 575
394 576
394 577
394 578
394 579
394 580
394 581
394 582
394 583
394 584
394 585
394 586
394 587
394 588
394 589
394 590
394 591
394 592
394 593
394 594
394 595
394 596
394 597
394 598
394 599
394 600
394 601
394 602
394 603
394 604
394 605
394 606
394 607
394 608
394 609
394 610
394 611
394 612
394 613
394 614
394 615
394 616
394 617
394 618
394 619
394 620
394 621
394 622
394 623
394 624
394 625
394 626
394 627
394 628
394 629
394 630
394 631
394 632
394 633
394 634
394 635
394 636
394 637
394 638
394 639
394 640
394 641
394 642
394 643
394 644
394 645
394 646
394 647
394 648
394 649
394 650
394 651
394 652
394 653
394 654
394 655
394 656
394 657
394 658
394 659
394 660
394 661
394 662
394 663
394 664
394 665
394 666
394 667
394 668
394 669
394 670
394 671
394 672
394 673
394 674
394 675
394 676
394 677
394 678
394 679
394 680
394 681
394 682
394 683
394 684
394 685
394 686
394 687
394 688
394 689
394 690
394 691
394 692
394 693
394 694
394 695
394 696
394 697
394 698
394 699
394 700
394 701
394 702
394 703
394 704
394 705
394 706
394 707
394 708
394 709
394 710
394 711
394 712
394 713
394 714
394 715
394 716
394 717
394 718
394 719
394 720
394 721
394 722
394 723
394 724
394 725
394 726
394 727
394 728
394 729
394 730
394 731
394 732
394 733
394 734
394 735
394 736
394 737
394 738
394 739
394 740
394 741
394 742
394 743
394 744
394 745
394 746
394 747
394 748
394 749
394 750
394 751
394 752
394 753
394 754
394 755
394 756
394 757
394 758
394 759
394 760
394 761
394 762
394 763
394 764
394 765
394 766
394 767
394 768
394 769
394 770
394 771
394 772
394 773
394 774
394 775
394 776
394 777
394 778
394 779
394 780
394 781
394 782
394 783
394 784
394 785
394 786
394 787
394 788
394 789
394 790
394 791
394 792
394 793
394 794
394 795
394 796
394 797
394 798
394 799
394 800
394 801
394 802
394 803
394 804
394 805
394 806
394 807
394 808
394 809
394 810
394 811
394 812
394 813
394 814
394 815
394 816
394 817
394 818
394 819
394 820
394 821
394 822
394 823
394 824
394 825
394 826
394 827
394 828
394 829
394 830
394 831
394 832
394 833
394 834
394 835
394 836
394 837
394 838
394 839
394 840
394 841
394 842
394 843
394 844
394 845
394 846
394 847
394 848
394 849
394 850
394 851
394 852
394 853
394 854
394 855
394 856
394 857
394 858
394 859
394 860
394 861
394 862
394 863
394 864
394 865
394 866
394 867
394 868
394 869
394 870
394 871
394 872
394 873
394 874
394 875
394 876
394 877
394 878
394 879
394 880
394 881
394 882
394 883
394 884
394 885
394 886
394 887
394 888
394 889
394 890
394 891
394 892
394 893
394 894
394 895
394 896
394 897
394 898
394 899
394 900
394 901
394 902
394 903
394 904
394 905
394 906
394 907
394 908
394 909
394 910
394 911
394 912
394 913
394 914
394 915
394 916
394 917
394 918
394 919
394 920
394 921
394 922
394 923
394 924
394 925
394 926
394 927
394 928
394 929
394 930
394 931
394 932
394 933
394 934
394 935
394 936
394 937
394 938
394 939
394 940
394 941
394 942
394 943
394 944
394 945
394 946
394 947
394 948
394 949
394 950
394 951
394 952
394 953
394 954
394 955
394 956
394 957
394 958
394 959
394 960
394 961
394 962
394 963
394 964
394 965
394 966
394 967
394 968
394 969
394 970
394 971
394 972
394 973
394 974
394 975
394 976
394 977
394 978
394 979
394 980
394 981
394 982
394 983
394 984
394 985
394 986
394 987
394 988
394 989
394 990
394 991
394 992
394 993
394 994
394 995
394 996
394 997
394 998
394 999
394 1000
395 2
395 8
395 15
395 17
395 25
395 47
395 49
395 50
395 63
395 84
395 93
395 95
395 106
395 111
395 122
395 128
395 140
395 143
395 147
395 165
395 171
395 176
395 192
395 239
395 332
395 344
395 394
395 395
395 396
395 398
395 492
395 505
395 576
395 647
395 769
395 801
395 818
395 985
395 989
396 15
396 17
396 57
396 81
396 111
396 122
396 140
396 143
396 147
396 182
396 225
396 272
396 394
396 395
396 396
396 400
396 500
396 576
396 747
396 818
396 838
397 34
397 65
397 90
397 140
397 143
397 147
397 153
397 165
397 171
397 182
397 195
397 204
397 215
397 239
397 284
397 332
397 337
397 368
397 394
397 397
397 398
397 440
397 454
397 501
397 505
397 510
397 546
397 631
397 661
397 699
397 769
397 779
397 803
397 804
397 818
397 878
397 909
397 921
397 951
398 2
398 15
398 17
398 19
398 25
398 47
398 49
398 102
398 104
398 134
398 140
398 141
398 143
398 151
398 153
398 171
398 192
398 394
398 395
398 397
398 398
398 399
398 405
398 503
398 546
398 552
398 576
398 625
398 649
398 650
398 703
398 715
398 719
398 750
398 751
398 769
398 772
398 818
399 15
399 22
399 34
399 75
399 93
399 111
399 128
399 137
399 143
399 164
399 165
399 171
399 191
399 205
399 239
399 244
399 332
399 338
399 389
399 394
399 398
399 399
399 401
399 454
399 472
399 574
399 576
399 685
399 734
399 769
399 791
399 800
399 818
399 883
399 991
400 2
400 4
400 8
400 12
400 15
400 17
400 19
400 22
400 23
400 25
400 27
400 31
400 32
400 33
400 34
400 35
400 36
400 38
400 40
400 42
400 43
400 46
400 47
400 49
400 50
400 51
400 52
400 55
400 57
400 58
400 60
400 61
400 63
400 65
400 70
400 72
400 75
400 76
400 79
400 80
400 81
400 84
400 85
400 86
400 88
400 93
400 94
400 95
400 99
400 101
400 102
400 106
400 107
400 108
400 111
400 115
400 116
400 117
400 118
400 122
400 128
400 137
400 140
400 143
400 145
400 146
400 147
400 148
400 151
400 152
400 153
400 158
400 159
400 163
400 164
400 166
400 168
400 175
400 176
400 186
400 189
400 191
400 192
400 194
400 200
400 201
400 205
400 207
400 208
400 217
400 220
400 239
400 244
400 272
400 332
400 338
400 344
400 351
400 375
400 381
400 389
400 394
400 396
400 400
400 401
400 403
400 408
400 409
400 421
400 424
400 425
400 440
400 444
400 448
400 454
400 459
400 467
400 472
400 473
400 475
400 476
400 479
400 482
400 489
400 492
400 494
400 495
400 496
400 500
400 501
400 505
400 508
400 510
400 521
400 528
400 533
400 539
400 541
400 546
400 547
400 548
400 549
400 552
400 559
400 566
400 567
400 574
400 576
400 577
400 581
400 590
400 591
400 609
400 614
400 622
400 629
400 632
400 639
400 642
400 644
400 647
400 659
400 662
400 664
400 668
400 670
400 688
400 695
400 705
400 710
400 713
400 715
400 719
400 720
400 722
400 723
400 729
400 733
400 734
400 752
400 755
400 760
400 764
400 769
400 777
400 779
400 780
400 781
400 782
400 790
400 791
400 796
400 797
400 800
400 801
400 817
400 818
400 822
400 823
400 829
400 845
400 847
400 858
400 864
400 865
400 868
400 885
400 888
400 889
400 896
400 921
400 927
400 938
400 941
400 954
400 965
400 969
400 971
400 972
400 977
400 985
400 991
400 996
400 998
400 1000
401 8
401 15
401 17
401 111
401 118
401 137
401 140
401 143
401 151
401 171
401 290
401 394
401 399
401 400
401 401
401 402
401 403
401 447
401 508
401 559
401 576
401 647
401 759
401 769
401 809
401 818
401 870
401 874
401 896
402 15
402 81
402 171
402 192
402 394
402 401
402 402
402 485
402 769
402 818
403 4
403 8
403 12
403 14
403 15
403 17
403 19
403 25
403 32
403 33
403 34
403 35
403 42
403 43
403 48
403 49
403 50
403 52
403 54
403 55
403 57
403 58
403 61
403 65
403 74
403 79
403 80
403 84
403 85
403 86
403 88
403 93
403 106
403 111
403 112
403 116
403 122
403 125
403 128
403 137
403 140
403 141
403 143
403 145
403 151
403 158
403 163
403 165
403 166
403 171
403 176
403 182
403 185
403 186
403 189
403 192
403 193
403 194
403 200
403 201
403 207
403 265
403 272
403 290
403 303
403 324
403 332
403 340
403 344
403 347
403 351
403 374
403 381
403 388
403 394
403 400
403 401
403 403
403 405
403 407
403 408
403 413
403 414
403 434
403 454
403 467
403 475
403 489
403 492
403 494
403 496
403 500
403 522
403 549
403 565
403 573
403 576
403 592
403 614
403 637
403 638
403 641
403 642
403 645
403 647
403 662
403 677
403 681
403 705
403 718
403 719
403 720
403 722
403 723
403 741
403 765
403 769
403 779
403 780
403 793
403 801
403 818
403 821
403 822
403 836
403 845
403 850
403 858
403 878
403 881
403 891
403 897
403 903
403 923
403 945
403 949
403 955
403 956
403 971
403 972
403 981
403 982
403 988
403 998
404 394
404 404
405 4
405 13
405 17
405 134
405 140
405 177
405 198
405 265
405 318
405 381
405 394
405 398
405 403
405 405
405 779
405 866
406 34
406 46
406 103
406 151
406 205
406 394
406 406
406 793
406 871
407 151
407 217
407 394
407 403
407 407
408 2
408 4
408 8
408 15
408 17
408 25
408 34
408 46
408 47
408 48
408 83
408 84
408 93
408 102
408 107
408 111
408 113
408 143
408 151
408 160
408 186
408 189
408 190
408 192
408 198
408 206
408 284
408 320
408 337
408 394
408 400
408 403
408 408
408 416
408 447
408 448
408 461
408 502
408 510
408 532
408 545
408 552
408 595
408 620
408 685
408 715
408 729
408 741
408 745
408 799
408 815
408 833
408 837
408 840
408 843
408 858
408 898
408 954
408 990
408 994
408 999
409 15
409 394
409 400
409 409
410 15
410 217
410 394
410 410
411 143
411 394
411 411
411 527
412 394
412 412
413 13
413 23
413 175
413 225
413 394
413 403
413 413
413 660
413 794
414 15
414 394
414 403
414 414
415 394
415 415
416 8
416 20
416 91
416 172
416 185
416 202
416 284
416 368
416 394
416 408
416 416
416 488
416 510
416 565
416 710
416 772
417 225
417 394
417 417
417 530
418 394
418 418
419 394
419 419
419 788
420 394
420 420
421 394
421 400
421 421
422 34
422 225
422 394
422 422
423 394
423 423
424 46
424 394
424 400
424 424
424 546
425 15
425 217
425 394
425 400
425 425
425 1000
426 151
426 186
426 189
426 394
426 426
427 225
427 394
427 427
428 15
428 34
428 394
428 428
429 15
429 394
429 429
430 225
430 394
430 430
430 685
431 394
431 431
432 394
432 432
433 394
433 433
434 22
434 40
434 46
434 80
434 111
434 151
434 186
434 217
434 225
434 377
434 394
434 403
434 434
434 595
434 793
435 394
435 435
436 394
436 436
437 34
437 394
437 437
438 128
438 394
438 438
439 394
439 439
440 225
440 394
440 400
440 440
440 750
441 3
441 283
441 394
441 441
442 143
442 394
442 442
442 498
442 955
444 34
444 134
444 394
444 400
444 444
445 394
445 445
446 15
446 88
446 175
446 394
446 446
446 646
447 14
447 15
447 46
447 93
447 107
447 143
447 155
447 184
447 185
447 192
447 251
447 263
447 272
447 320
447 331
447 337
447 361
447 362
447 371
447 394
447 401
447 408
447 447
447 461
447 502
447 527
447 532
447 685
448 15
448 46
448 51
448 60
448 102
448 151
448 198
448 394
448 400
448 408
448 448
448 504
449 15
449 394
449 449
449 595
450 111
450 153
450 180
450 205
450 394
450 450
451 394
451 451
452 225
452 394
452 452
453 394
453 453
454 15
454 17
454 151
454 394
454 397
454 399
454 400
454 403
454 454
454 676
455 394
455 455
456 34
456 394
456 456
457 394
457 457
457 991
458 40
458 394
458 458
459 15
459 394
459 400
459 459
460 151
460 394
460 460
461 46
461 83
461 102
461 116
461 184
461 192
461 320
461 371
461 394
461 408
461 447
461 461
461 502
461 510
461 532
461 619
461 671
461 715
461 774
461 837
461 840
461 858
461 898
461 936
462 74
462 99
462 394
462 462
462 671
462 696
462 871
463 394
463 463
464 377
464 394
464 464
465 394
465 465
466 394
466 466
467 46
467 151
467 185
467 186
467 320
467 394
467 400
467 403
467 467
468 1
468 217
468 225
468 394
468 468
469 394
469 469
469 546
470 394
470 470
470 656
471 394
471 471
472 15
472 17
472 34
472 143
472 217
472 225
472 394
472 399
472 400
472 472
472 595
473 15
473 394
473 400
473 473
474 394
474 474
474 766
475 151
475 394
475 400
475 403
475 475
476 15
476 143
476 151
476 394
476 400
476 476
477 34
477 81
477 225
477 394
477 477
478 394
478 478
479 34
479 143
479 192
479 368
479 394
479 400
479 479
480 34
480 193
480 361
480 394
480 480
480 561
481 394
481 481
481 599
482 15
482 225
482 394
482 400
482 482
483 394
483 483
484 394
484 484
485 394
485 402
485 485
486 15
486 216
486 394
486 486
487 394
487 487
487 498
487 551
488 46
488 394
488 416
488 488
488 846
489 46
489 151
489 394
489 400
489 403
489 489
489 837
490 394
490 490
491 394
491 491
492 15
492 217
492 225
492 394
492 395
492 400
492 403
492 492
493 394
493 493
494 15
494 394
494 400
494 403
494 494
495 15
495 394
495 400
495 495
496 15
496 225
496 394
496 400
496 403
496 496
497 189
497 394
497 497
498 9
498 59
498 284
498 320
498 337
498 394
498 442
498 498
498 631
498 741
498 855
498 921
498 988
499 394
499 499
500 15
500 143
500 151
500 217
500 225
500 394
500 396
500 400
500 403
500 500
501 225
501 394
501 397
501 400
501 501
501 662
501 671
502 8
502 34
502 46
502 49
502 83
502 110
502 155
502 160
502 185
502 192
502 244
502 284
502 320
502 337
502 394
502 408
502 447
502 461
502 502
502 546
502 557
502 593
502 595
502 799
502 815
503 15
503 217
503 225
503 337
503 394
503 398
503 503
505 2
505 15
505 17
505 46
505 143
505 186
505 244
505 394
505 395
505 397
505 400
505 505
505 799
505 913
506 394
506 506
507 394
507 507
508 15
508 394
508 400
508 401
508 508
508 559
509 34
509 217
509 225
509 394
509 509
509 835
510 2
510 15
510 17
510 19
510 25
510 46
510 49
510 51
510 59
510 60
510 66
510 93
510 97
510 102
510 134
510 143
510 151
510 153
510 155
510 162
510 180
510 192
510 198
510 211
510 215
510 251
510 263
510 320
510 331
510 337
510 361
510 371
510 381
510 394
510 400
510 408
510 416
510 461
510 510
510 539
510 595
510 599
510 602
510 696
510 715
510 724
510 750
510 772
510 799
510 815
510 837
510 840
511 394
511 511
512 394
512 512
513 48
513 103
513 111
513 225
513 394
513 513
514 394
514 514
515 394
515 515
516 17
516 377
516 394
516 516
517 151
517 220
517 290
517 377
517 394
517 517
517 955
518 15
518 394
518 518
519 129
519 394
519 519
520 394
520 520
521 151
521 394
521 400
521 521
522 15
522 377
522 394
522 403
522 522
523 49
523 189
523 206
523 356
523 394
523 523
523 778
523 825
523 978
524 377
524 394
524 524
525 8
525 34
525 394
525 525
526 171
526 217
526 376
526 394
526 526
527 8
527 25
527 46
527 49
527 79
527 94
527 114
527 140
527 143
527 184
527 225
527 377
527 394
527 411
527 447
527 510
527 527
527 545
527 546
527 595
527 799
527 826
527 829
527 837
527 846
527 883
527 918
527 990
528 15
528 394
528 400
528 528
529 394
529 529
530 394
530 417
530 530
531 225
531 368
531 394
531 531
531 567
531 793
532 8
532 46
532 83
532 84
532 143
532 155
532 184
532 185
532 192
532 284
532 320
532 337
532 394
532 408
532 447
532 461
532 532
532 595
532 619
532 715
532 815
532 883
533 15
533 143
533 394
533 400
533 533
534 394
534 534
534 656
535 394
535 535
536 394
536 536
537 34
537 394
537 537
538 34
538 244
538 394
538 538
539 15
539 19
539 34
539 46
539 90
539 104
539 153
539 225
539 394
539 400
539 510
539 539
539 546
539 620
539 750
539 846
539 951
540 34
540 217
540 225
540 361
540 381
540 394
540 540
540 562
540 871
541 15
541 394
541 400
541 541
542 394
542 542
543 394
543 543
544 394
544 544
544 669
545 143
545 189
545 394
545 408
545 472
545 545
546 34
546 153
546 217
546 394
546 400
546 539
546 546
546 587
546 750
546 837
547 283
547 394
547 400
547 547
548 15
548 83
548 217
548 394
548 400
548 548
549 6
549 15
549 99
549 377
549 394
549 400
549 403
549 549
550 111
550 128
550 394
550 550
550 699
550 835
550 844
550 884
551 394
551 487
551 551
552 8
552 34
552 83
552 84
552 93
552 115
552 134
552 140
552 192
552 225
552 272
552 394
552 398
552 400
552 408
552 552
552 710
552 729
552 745
552 871
553 394
553 553
554 202
554 217
554 394
554 554
555 394
555 555
556 34
556 185
556 192
556 394
556 556
557 34
557 46
557 83
557 110
557 394
557 502
557 557
557 809
557 886
558 394
558 558
558 871
559 15
559 66
559 115
559 122
559 177
559 190
559 192
559 206
559 324
559 356
559 394
559 400
559 401
559 508
559 559
560 394
560 560
561 74
561 190
561 394
561 480
561 561
562 225
562 394
562 540
562 562
563 217
563 394
563 498
563 563
564 217
564 394
564 564
565 120
565 206
565 209
565 217
565 265
565 290
565 318
565 377
565 394
565 403
565 565
565 671
565 818
565 918
566 15
566 394
566 399
566 400
566 566
566 923
567 15
567 151
567 394
567 400
567 531
567 567
568 394
568 568
569 225
569 394
569 569
570 394
570 570
571 34
571 70
571 376
571 394
571 571
572 225
572 394
572 572
573 394
573 403
573 573
574 15
574 46
574 59
574 320
574 337
574 394
574 399
574 400
574 574
574 715
574 871
574 883
575 394
575 575
576 2
576 15
576 17
576 143
576 151
576 394
576 395
576 396
576 398
576 399
576 400
576 401
576 403
576 576
576 890
577 4
577 8
577 20
577 49
577 394
577 400
577 577
577 729
578 394
578 578
579 394
579 579
580 394
580 580
581 81
581 143
581 151
581 209
581 394
581 400
581 581
581 598
582 143
582 151
582 394
582 582
583 225
583 377
583 394
583 583
584 394
584 584
585 394
585 585
585 595
586 394
586 586
588 34
588 394
588 588
589 394
589 589
590 394
590 400
590 590
591 34
591 46
591 394
591 400
591 546
591 591
591 858
592 394
592 403
592 592
593 46
593 151
593 192
593 337
593 361
593 394
593 502
593 593
593 595
593 632
593 715
593 871
594 394
594 594
595 8
595 23
595 25
595 34
595 36
595 46
595 59
595 66
595 93
595 102
595 104
595 107
595 111
595 113
595 115
595 122
595 130
595 137
595 155
595 171
595 172
595 184
595 191
595 192
595 198
595 205
595 263
595 272
595 281
595 282
595 284
595 320
595 324
595 337
595 349
595 381
595 394
595 408
595 434
595 449
595 472
595 502
595 510
595 527
595 532
595 585
595 593
595 595
595 647
595 671
595 710
595 715
595 719
595 747
595 796
595 809
595 812
595 822
595 871
595 883
595 913
595 949
595 959
596 394
596 596
597 106
597 394
597 597
597 954
598 8
598 34
598 131
598 394
598 581
598 598
599 99
599 251
599 263
599 320
599 331
599 381
599 394
599 481
599 510
599 599
599 602
599 947
600 13
600 34
600 225
600 394
600 546
600 600
601 394
601 601
602 103
602 143
602 152
602 155
602 185
602 192
602 205
602 263
602 284
602 320
602 361
602 377
602 381
602 394
602 510
602 599
602 602
602 696
602 871
602 963
603 394
603 603
604 217
604 394
604 604
605 198
605 394
605 605
606 394
606 606
606 886
607 394
607 607
608 225
608 394
608 608
609 15
609 394
609 400
609 609
610 394
610 610
611 394
611 611
612 394
612 612
613 394
613 613
614 13
614 151
614 225
614 394
614 400
614 403
614 614
615 394
615 615
616 46
616 394
616 616
617 394
617 617
618 394
618 618
619 46
619 83
619 93
619 102
619 320
619 394
619 461
619 532
619 619
619 837
619 840
620 15
620 46
620 111
620 157
620 186
620 192
620 394
620 408
620 539
620 620
621 151
621 394
621 621
622 46
622 263
622 394
622 400
622 622
623 394
623 623
624 394
624 624
625 1
625 66
625 81
625 141
625 177
625 220
625 272
625 284
625 394
625 398
625 625
626 394
626 626
627 377
627 394
627 627
628 394
628 628
629 15
629 19
629 125
629 394
629 400
629 510
629 629
629 778
629 829
629 871
629 900
629 927
629 951
630 99
630 267
630 316
630 394
630 630
631 34
631 394
631 397
631 498
631 595
631 631
631 916
632 143
632 177
632 198
632 206
632 337
632 361
632 394
632 400
632 593
632 632
632 765
632 835
633 394
633 633
634 394
634 634
635 19
635 46
635 102
635 186
635 394
635 635
635 807
636 15
636 394
636 636
637 143
637 185
637 191
637 251
637 263
637 331
637 394
637 403
637 637
637 883
638 374
638 394
638 403
638 638
638 715
639 34
639 189
639 394
639 400
639 498
639 546
639 639
640 394
640 640
641 225
641 394
641 403
641 641
642 15
642 34
642 217
642 225
642 394
642 400
642 403
642 642
643 102
643 394
643 643
644 15
644 217
644 394
644 400
644 546
644 644
645 13
645 217
645 225
645 377
645 394
645 403
645 645
646 34
646 394
646 446
646 646
646 676
647 2
647 15
647 225
647 394
647 395
647 400
647 401
647 403
647 546
647 595
647 647
648 394
648 648
648 815
649 394
649 649
649 756
650 81
650 394
650 398
650 650
651 394
651 651
651 807
652 394
652 652
653 394
653 653
653 695
654 394
654 654
655 34
655 394
655 655
656 186
656 215
656 225
656 377
656 394
656 470
656 534
656 656
656 676
656 747
657 225
657 394
657 657
658 394
658 658
659 189
659 394
659 400
659 546
659 659
660 17
660 66
660 143
660 217
660 225
660 394
660 413
660 660
661 394
661 397
661 661
662 225
662 394
662 400
662 403
662 501
662 546
662 662
662 840
663 15
663 22
663 91
663 394
663 663
664 34
664 151
664 225
664 394
664 400
664 664
665 394
665 665
665 724
666 394
666 666
667 394
667 667
668 394
668 400
668 668
669 103
669 394
669 544
669 669
669 890
670 15
670 394
670 400
670 670
671 46
671 209
671 215
671 394
671 461
671 462
671 501
671 565
671 595
671 671
671 720
672 56
672 377
672 394
672 672
672 710
673 394
673 673
673 700
674 394
674 674
675 34
675 394
675 675
676 46
676 225
676 239
676 394
676 454
676 646
676 656
676 676
677 3
677 15
677 49
677 120
677 225
677 394
677 403
677 498
677 632
677 677
677 772
677 988
678 394
678 678
678 700
679 394
679 679
680 394
680 680
681 34
681 394
681 403
681 681
682 15
682 263
682 394
682 682
683 15
683 394
683 683
684 394
684 684
685 75
685 394
685 399
685 408
685 430
685 447
685 685
685 747
686 198
686 394
686 686
687 394
687 687
688 15
688 394
688 400
688 688
689 394
689 689
690 394
690 690
691 8
691 394
691 691
692 394
692 546
692 692
693 394
693 693
694 34
694 198
694 227
694 351
694 394
694 694
695 394
695 400
695 653
695 695
695 737
696 46
696 180
696 192
696 251
696 337
696 381
696 394
696 510
696 602
696 696
696 750
697 394
697 697
698 394
698 698
699 1
699 361
699 394
699 397
699 550
699 699
700 394
700 678
700 700
701 49
701 394
701 701
702 15
702 34
702 394
702 546
702 702
703 225
703 394
703 398
703 703
704 394
704 704
705 15
705 34
705 151
705 217
705 225
705 377
705 394
705 400
705 403
705 705
705 815
706 155
706 394
706 706
707 116
707 189
707 394
707 707
708 394
708 708
709 225
709 394
709 709
710 1
710 15
710 21
710 25
710 46
710 83
710 147
710 283
710 394
710 400
710 416
710 472
710 552
710 595
710 672
710 710
711 394
711 711
712 394
712 712
713 394
713 400
713 713
714 394
714 714
715 17
715 46
715 48
715 93
715 143
715 160
715 184
715 186
715 192
715 198
715 251
715 263
715 284
715 320
715 337
715 371
715 381
715 394
715 398
715 400
715 408
715 461
715 510
715 532
715 574
715 593
715 595
715 638
715 715
715 745
715 947
716 394
716 716
717 394
717 717
718 377
718 394
718 403
718 718
719 15
719 220
719 394
719 398
719 400
719 403
719 595
719 719
720 217
720 394
720 400
720 403
720 671
720 720
721 394
721 721
722 15
722 217
722 374
722 394
722 400
722 403
722 722
723 15
723 394
723 400
723 403
723 723
724 49
724 112
724 179
724 394
724 510
724 665
724 724
724 926
725 49
725 169
725 364
725 368
725 394
725 725
726 185
726 394
726 726
727 394
727 727
728 394
728 728
729 1
729 189
729 192
729 394
729 400
729 408
729 552
729 577
729 729
729 840
729 841
729 871
730 394
730 730
731 394
731 731
732 205
732 220
732 246
732 377
732 394
732 732
733 48
733 175
733 377
733 394
733 400
733 733
734 15
734 110
734 225
734 394
734 399
734 400
734 734
735 394
735 735
736 381
736 394
736 736
737 151
737 220
737 263
737 336
737 377
737 394
737 695
737 737
737 840
737 883
738 272
738 394
738 738
738 772
739 394
739 546
739 739
740 68
740 220
740 377
740 394
740 740
741 46
741 143
741 394
741 403
741 408
741 741
742 225
742 394
742 742
743 394
743 743
744 394
744 744
745 34
745 46
745 94
745 361
745 394
745 408
745 552
745 715
745 745
746 225
746 394
746 746
747 34
747 46
747 151
747 155
747 185
747 217
747 225
747 394
747 396
747 595
747 656
747 685
747 747
748 394
748 748
749 394
749 749
750 19
750 46
750 90
750 153
750 204
750 394
750 397
750 440
750 510
750 539
750 546
750 696
750 750
750 772
750 846
750 880
750 951
751 394
751 398
751 751
752 15
752 394
752 400
752 752
753 151
753 225
753 394
753 753
754 394
754 754
755 15
755 85
755 143
755 192
755 337
755 394
755 400
755 755
756 394
756 649
756 756
757 394
757 757
758 13
758 394
758 758
759 151
759 394
759 401
759 759
760 225
760 394
760 400
760 760
761 394
761 761
762 377
762 394
762 762
763 143
763 394
763 763
764 34
764 394
764 400
764 764
765 151
765 225
765 283
765 394
765 403
765 632
765 765
766 394
766 474
766 766
767 394
767 767
768 394
768 768
769 15
769 17
769 44
769 47
769 140
769 143
769 151
769 186
769 225
769 394
769 395
769 397
769 398
769 399
769 400
769 401
769 402
769 403
769 769
770 394
770 770
771 394
771 771
772 17
772 19
772 104
772 151
772 153
772 175
772 215
772 239
772 394
772 397
772 398
772 416
772 510
772 738
772 750
772 772
772 838
773 394
773 773
774 46
774 394
774 461
774 774
775 394
775 775
776 91
776 394
776 776
777 15
777 394
777 400
777 777
778 20
778 394
778 523
778 629
778 778
779 4
779 84
779 104
779 151
779 225
779 239
779 394
779 397
779 400
779 403
779 405
779 779
779 799
780 15
780 220
780 394
780 400
780 403
780 780
781 394
781 400
781 781
782 394
782 400
782 782
783 368
783 394
783 783
784 394
784 784
785 394
785 785
786 15
786 377
786 394
786 786
787 394
787 546
787 787
788 15
788 394
788 419
788 788
789 377
789 394
789 789
790 394
790 400
790 790
791 15
791 394
791 399
791 400
791 791
792 394
792 792
793 19
793 104
793 172
793 185
793 222
793 225
793 283
793 313
793 394
793 403
793 406
793 434
793 595
793 793
793 794
793 844
793 871
794 198
794 209
794 217
794 225
794 394
794 413
794 793
794 794
794 844
794 858
794 991
795 394
795 795
796 15
796 93
796 140
796 205
796 377
796 381
796 394
796 400
796 546
796 595
796 796
796 849
797 15
797 394
797 400
797 797
798 124
798 394
798 798
799 46
799 62
799 90
799 112
799 143
799 160
799 192
799 205
799 211
799 225
799 263
799 320
799 394
799 408
799 502
799 505
799 510
799 527
799 779
799 799
799 836
799 845
799 871
800 15
800 34
800 394
800 399
800 400
800 800
801 17
801 151
801 186
801 394
801 395
801 400
801 403
801 801
802 394
802 498
802 510
802 802
803 34
803 46
803 394
803 397
803 803
804 17
804 60
804 189
804 394
804 804
805 394
805 805
806 394
806 806
807 46
807 160
807 394
807 635
807 651
807 807
807 947
807 970
807 981
808 66
808 206
808 394
808 808
809 34
809 66
809 144
809 185
809 394
809 401
809 557
809 595
809 809
810 151
810 190
810 394
810 810
810 871
811 394
811 811
812 34
812 134
812 394
812 595
812 812
813 84
813 394
813 813
814 59
814 220
814 394
814 632
814 814
814 871
815 15
815 46
815 97
815 104
815 115
815 177
815 192
815 225
815 394
815 408
815 502
815 510
815 532
815 648
815 705
815 815
815 909
816 394
816 816
817 15
817 394
817 400
817 817
818 2
818 15
818 68
818 143
818 151
818 220
818 394
818 395
818 396
818 397
818 398
818 399
818 400
818 401
818 402
818 403
818 565
818 818
819 394
819 819
820 171
820 394
820 820
821 111
821 217
821 225
821 394
821 403
821 821
821 874
822 15
822 217
822 225
822 394
822 400
822 403
822 595
822 822
823 217
823 225
823 394
823 400
823 823
824 97
824 217
824 394
824 824
825 192
825 394
825 523
825 825
826 214
826 283
826 381
826 394
826 527
826 826
826 840
826 981
827 394
827 827
828 394
828 828
829 46
829 111
829 167
829 192
829 284
829 394
829 400
829 629
829 829
829 858
829 886
829 994
830 394
830 830
831 13
831 217
831 225
831 394
831 831
832 151
832 394
832 832
833 217
833 394
833 408
833 833
834 394
834 834
835 65
835 227
835 283
835 284
835 394
835 509
835 550
835 632
835 671
835 835
835 890
836 394
836 403
836 799
836 836
837 2
837 8
837 46
837 66
837 90
837 102
837 143
837 185
837 186
837 192
837 394
837 408
837 461
837 489
837 510
837 527
837 546
837 619
837 837
837 840
837 844
837 880
838 225
838 394
838 396
838 838
839 394
839 839
840 17
840 25
840 46
840 102
840 116
840 134
840 184
840 186
840 189
840 192
840 225
840 394
840 408
840 461
840 510
840 619
840 662
840 729
840 737
840 826
840 837
840 840
840 898
841 394
841 729
841 841
842 46
842 377
842 394
842 842
843 46
843 155
843 337
843 394
843 408
843 843
844 192
844 217
844 225
844 394
844 550
844 793
844 794
844 837
844 844
844 913
845 15
845 34
845 225
845 394
845 400
845 403
845 799
845 845
846 394
846 539
846 750
846 846
846 940
847 394
847 400
847 847
848 175
848 394
848 848
848 906
849 23
849 48
849 58
849 272
849 394
849 796
849 849
850 141
850 151
850 200
850 217
850 381
850 394
850 403
850 850
851 34
851 151
851 175
851 225
851 394
851 851
852 15
852 394
852 852
853 394
853 853
854 377
854 394
854 854
855 66
855 115
855 137
855 394
855 855
855 913
856 394
856 856
857 394
857 857
858 15
858 23
858 25
858 34
858 46
858 111
858 143
858 284
858 294
858 337
858 394
858 400
858 403
858 408
858 461
858 591
858 794
858 829
858 858
858 947
859 394
859 859
860 394
860 860
861 27
861 117
861 217
861 377
861 381
861 394
861 861
862 15
862 394
862 862
863 143
863 225
863 394
863 863
864 15
864 151
864 394
864 400
864 864
865 7
865 162
865 394
865 400
865 865
866 377
866 394
866 405
866 866
867 394
867 867
868 15
868 126
868 217
868 225
868 394
868 400
868 868
869 34
869 217
869 394
869 869
870 184
870 381
870 394
870 401
870 870
871 23
871 46
871 58
871 93
871 103
871 151
871 155
871 192
871 205
871 206
871 244
871 251
871 263
871 320
871 349
871 394
871 552
871 558
871 574
871 593
871 602
871 629
871 729
871 793
871 799
871 810
871 814
871 871
871 932
871 941
871 970
872 394
872 872
873 23
873 143
873 217
873 225
873 394
873 873
874 15
874 217
874 225
874 394
874 401
874 498
874 821
874 874
875 34
875 394
875 875
876 48
876 115
876 377
876 394
876 876
877 394
877 877
878 107
878 225
878 394
878 397
878 403
878 878
879 394
879 879
880 60
880 394
880 510
880 750
880 837
880 880
881 394
881 403
881 881
882 217
882 394
882 882
883 8
883 46
883 107
883 113
883 143
883 155
883 160
883 184
883 185
883 186
883 191
883 192
883 198
883 205
883 251
883 263
883 284
883 320
883 337
883 394
883 399
883 527
883 532
883 574
883 595
883 637
883 737
883 883
883 936
884 394
884 550
884 884
885 151
885 381
885 394
885 400
885 885
886 34
886 46
886 175
886 394
886 557
886 606
886 829
886 886
887 394
887 887
888 15
888 151
888 225
888 394
888 400
888 888
889 3
889 46
889 217
889 225
889 394
889 400
889 889
890 8
890 41
890 48
890 143
890 175
890 192
890 394
890 576
890 669
890 835
890 890
891 15
891 46
891 394
891 403
891 891
892 394
892 892
893 394
893 893
894 394
894 894
895 225
895 394
895 895
896 23
896 200
896 225
896 338
896 394
896 400
896 401
896 896
897 19
897 46
897 60
897 102
897 186
897 217
897 394
897 403
897 546
897 897
898 46
898 83
898 93
898 102
898 143
898 184
898 186
898 192
898 217
898 320
898 394
898 408
898 461
898 840
898 898
899 394
899 899
900 394
900 900
901 394
901 901
902 15
902 394
902 902
903 151
903 394
903 403
903 903
904 104
904 217
904 225
904 394
904 904
905 394
905 905
906 394
906 848
906 906
907 394
907 907
908 17
908 394
908 908
909 4
909 217
909 377
909 381
909 394
909 397
909 815
909 909
910 34
910 394
910 910
911 394
911 911
912 394
912 912
913 1
913 46
913 134
913 186
913 394
913 505
913 595
913 844
913 855
913 913
914 15
914 46
914 192
914 225
914 394
914 546
914 914
915 394
915 915
915 970
916 394
916 631
916 916
917 394
917 917
918 56
918 220
918 281
918 377
918 394
918 565
918 918
919 338
919 374
919 394
919 498
919 919
920 394
920 920
921 15
921 40
921 140
921 394
921 397
921 400
921 498
921 921
922 104
922 394
922 922
923 2
923 15
923 394
923 403
923 566
923 923
924 394
924 924
925 46
925 394
925 925
926 394
926 724
926 926
927 15
927 394
927 400
927 927
928 34
928 394
928 928
929 394
929 929
930 175
930 225
930 394
930 930
931 48
931 120
931 198
931 225
931 394
931 931
932 15
932 22
932 56
932 198
932 225
932 381
932 394
932 871
932 932
933 217
933 394
933 933
934 394
934 934
935 225
935 394
935 935
936 361
936 381
936 394
936 461
936 883
936 936
937 394
937 937
938 15
938 83
938 143
938 394
938 400
938 938
938 981
939 394
939 939
940 46
940 394
940 846
940 940
941 121
941 251
941 377
941 394
941 400
941 498
941 871
941 941
942 394
942 942
943 15
943 34
943 143
943 244
943 394
943 943
944 217
944 394
944 944
945 394
945 403
945 945
946 48
946 394
946 946
947 14
947 46
947 49
947 66
947 155
947 184
947 192
947 251
947 263
947 284
947 320
947 337
947 361
947 394
947 599
947 715
947 807
947 858
947 947
948 15
948 394
948 948
949 263
949 381
949 394
949 403
949 595
949 949
950 46
950 115
950 394
950 950
951 32
951 46
951 90
951 151
951 179
951 340
951 394
951 539
951 750
951 951
952 394
952 952
953 34
953 394
953 953
954 4
954 14
954 15
954 172
954 225
954 251
954 320
954 337
954 381
954 394
954 400
954 408
954 597
954 871
954 954
955 265
955 394
955 403
955 442
955 517
955 955
956 337
956 394
956 403
956 956
957 394
957 957
958 34
958 394
958 958
959 394
959 546
959 595
959 959
960 225
960 394
960 960
961 394
961 961
962 394
962 962
963 217
963 394
963 602
963 963
964 394
964 964
965 17
965 143
965 394
965 400
965 965
966 34
966 394
966 966
967 394
967 967
968 394
968 968
969 394
969 400
969 969
970 8
970 15
970 93
970 175
970 381
970 394
970 807
970 871
970 915
970 970
971 17
971 147
971 151
971 217
971 225
971 394
971 400
971 403
971 971
972 84
972 151
972 225
972 354
972 394
972 400
972 403
972 972
973 394
973 973
974 394
974 974
975 394
975 975
976 394
976 976
977 15
977 394
977 400
977 977
978 34
978 394
978 523
978 978
979 394
979 979
980 225
980 283
980 394
980 980
981 225
981 394
981 403
981 807
981 826
981 938
981 981
982 394
982 403
982 982
983 59
983 198
983 374
983 377
983 394
983 983
984 394
984 984
985 15
985 394
985 395
985 400
985 985
986 394
986 986
987 394
987 987
988 376
988 394
988 403
988 498
988 988
989 15
989 17
989 151
989 394
989 395
989 989
990 46
990 66
990 104
990 151
990 244
990 368
990 381
990 394
990 408
990 527
990 990
991 15
991 140
991 394
991 399
991 400
991 457
991 794
991 991
992 394
992 992
993 46
993 83
993 394
993 993
994 34
994 46
994 85
994 113
994 185
994 320
994 394
994 408
994 829
994 994
995 394
995 995
996 2
996 394
996 400
996 996
997 394
997 997
998 15
998 217
998 225
998 394
998 400
998 403
998 998
999 20
999 46
999 394
999 408
999 999
1000 15
1000 225
1000 394
1000 400
1000 425
1000 1000
